1357
1464
1464
1464
2547
1741
514
1463
1741
1465
1491
1863
1161
960
499
493
509
506
2268
1904
785
441
439
491
509
507
507
507
507
427
427
478
1742
1462
1460
1459
1238
1238
1238
1238
1238
1464
1738
1465
1465
1464
1737
1465
1465
1467
1464
1464
1732
2053
2152
2207
2578
2378
2486
513
510
509
507
1466
1465
1464
1737
1464
1464
1464
1740
1465
1181
1269
1281
1657
1386
1469
1602
1688
1699
2067
1797
1897
904
903
901
918
511
509
509
509
511
516
515
499
501
493
448
443
443
443
443
437
434
429
427
427
427
427
427
429
433
433
429
509
507
507
507
507
507
507
507
507
507
507
507
507
507
427
427
427
427
427
427
427
427
427
427
427
427
427
427
427
427
427
142654
